ans =

     66
    131
    178
    312
    362
    457
    485
    557
    609
    620
    630
    649
    662
    815
    842
    859
    860
    878
    881
   1086
   1210
   1288
   1413
   1421

